ENERGY[E_H]
0.022534457982
0.022534508956
0.022534747547
0.022541711935
0.022542252699
0.022542334503
0.022563718480
0.022564106164
0.022564349517
0.022564647980
0.022564718430
0.022584587453
0.022584884681
0.022585749411
0.022587544310
0.022587653274
0.022587792273
0.022589436262
0.022590203801
0.022632065787
0.022632164003
0.022634664111
0.022635260007
0.022643969135
0.022644022732
0.022646189382
0.022646571917
0.022646744952
0.022647155682
0.022648469097
0.022662485479
0.022663380990
0.022664144248
0.022664918190
0.022665028924
0.022666408116
0.022667924914
0.022672433402
0.022672519070
0.022676211252
0.022686873762
0.022688404106
0.022688944966
0.022692396136
0.022705533859
0.022708159146
0.022710123775
0.022710201284
0.022712030123
0.022712461849
0.022714901040
0.022715393393
0.022717153232
0.022742405334
0.022743266179
0.022745120959
0.022748169438
0.022748708537
0.022752481022
0.022754533979
0.022755546471
0.022758034936
0.022758811714
0.022762525784
0.022763547281
0.022765030740
0.022765900446
0.022786320545
0.022786608648
0.022787684700
0.022787846907
0.022788411658
0.022788421950
0.022788888640
0.022789166802
0.022789906284
0.022792010260
0.022795484241
0.022797790967
0.022798524228
0.022800251223
0.022802767659
0.022806474046
0.022807371940
0.022810013136
0.022811206495
0.022817317724
0.022818748353
0.022821407743
0.022841858180
0.022845837246
0.022845965449
0.022849504235
0.022849979561
0.022857279063
0.022857502292
0.022860721780
0.022863317108
0.022864842459
0.022867593815
