ENERGY[E_H]
0.022541732127
0.022542277589
0.022542365340
0.022584631916
0.022584932208
0.022585805740
0.022644007313
0.022644040713
0.022646216848
0.022646777726
0.022664160457
0.022664942641
0.022667947457
0.022686894202
0.022688447691
0.022689000448
0.022692479807
0.022742417773
0.022743296184
0.022745142742
0.022748190633
0.022748728255
0.022762494659
0.022763541437
0.022765028204
0.022765873337
0.022857349456
0.022857585823
0.022860795646
0.022863352768
0.022867663855
0.022872837389
0.022875306638
0.022879594816
0.022885656356
0.022889799392
0.022890073462
0.022912200481
0.022919917456
0.022919962003
0.022925057616
0.022925593239
0.022926183193
0.022928779655
0.022929327911
0.022931882723
0.022934711492
0.022934756618
0.022937239752
0.022938018762
0.022953263135
0.022958182062
0.022959104161
0.022963020523
0.022964546630
0.022965341096
0.022966921627
0.022969381431
0.022972707931
0.022979033940
0.022979915924
0.023023941918
0.023032525086
0.023032720098
0.023036605588
0.023051446631
0.023052009274
0.023062191653
0.023065521688
0.023066106772
0.023077370416
0.023083643318
0.023086584971
0.023110978055
0.023117105645
0.023121525538
0.023125936541
0.023128551866
0.023130877904
0.023131322972
0.023133752530
0.023135403973
0.023139677821
0.023139822290
0.023147158462
0.023148005252
0.023157707554
0.023164021995
0.023197659761
0.023248749329
0.023249218699
0.023262286521
0.023263653142
0.023264467364
0.023269286076
0.023269650005
0.023273048602
0.023274347500
0.023274688660
0.023279939799
